104 1
137 1
185 1
193 1
162 1
99 1
138 1
313 1
309 1
328 1
322 1
337 1
316 1
236 1
241 1
187 1
141 1
176 1
379 1
13 1
116 1
118 1
132 1
44 1
22 1
134 1
85 1
170 1
146 1
359 1
211 1
64 1
73 1
84 1
215 1
136 2
194 2
284 2
315 2
314 2
327 2
317 2
302 2
105 2
156 2
188 2
57 2
86 2
142 2
117 2
119 2
135 2
115 2
51 2
184 2
165 2
133 2
346 2
352 2
357 2
230 2
11 2
60 2
285 2
288 2
338 3
320 3
312 3
40 3
186 3
2 3
114 3
158 3
106 3
166 3
361 3
353 3
344 3
4 3
207 3
217 3
343 4
1 4
354 4
195 4
100 4
112 4
174 4
53 4
355 4
235 4
229 4
208 4
183 4
25 4
29 4
261 4
251 4
382 5
362 5
140 5
113 5
157 5
102 5
55 5
7 5
139 5
220 5
212 5
63 5
175 5
80 5
65 5
256 5
349 5
383 6
108 6
172 6
107 6
3 6
350 6
33 6
26 6
159 6
48 6
345 6
298 6
128 6
381 7
173 7
111 7
8 7
168 7
360 7
358 7
54 7
213 7
15 7
62 7
66 7
82 7
218 7
258 7
9 8
380 8
265 8
56 8
210 8
181 8
163 8
196 8
130 8
190 8
79 8
205 8
149 8
14 9
227 9
209 9
27 9
150 9
69 9
43 9
72 9
270 9
333 9
226 10
10 10
58 10
167 10
68 10
95 10
131 10
49 10
96 11
164 11
171 11
6 11
109 11
28 11
38 11
50 11
120 11
94 12
160 12
41 12
110 12
45 12
47 12
78 12
23 12
199 12
24 13
5 13
59 13
67 13
177 13
91 13
216 13
219 13
148 13
98 14
12 14
32 14
61 14
77 14
88 14
263 14
275 14
123 14
182 15
147 15
17 15
31 15
87 15
283 15
324 15
192 15
101 16
36 16
46 16
76 16
71 16
267 16
289 16
271 16
311 16
93 17
16 17
70 17
222 17
282 17
276 17
126 17
169 17
151 17
92 18
90 18
74 18
20 18
202 18
262 18
203 18
42 19
81 19
75 19
245 19
273 19
277 19
35 19
52 20
89 20
244 20
197 20
264 20
347 20
294 20
97 21
83 21
21 21
221 21
290 21
269 21
351 21
39 22
204 22
248 22
268 22
19 22
161 22
319 22
122 22
224 23
206 23
286 23
266 23
249 23
297 23
214 23
321 23
225 24
272 24
278 24
255 24
335 24
323 24
334 24
143 24
260 25
280 25
274 25
247 25
34 25
356 25
330 25
254 26
257 26
341 26
291 26
336 26
242 26
303 27
332 27
279 27
37 27
179 27
325 27
287 28
342 28
304 28
296 28
318 28
281 29
299 29
243 29
307 29
326 29
376 29
300 30
223 30
259 30
189 30
178 30
305 30
30 31
198 31
239 31
253 31
308 31
293 32
310 32
103 32
154 32
127 32
144 32
200 33
201 33
129 33
301 33
228 33
340 33
231 34
348 34
124 34
180 34
232 35
329 35
191 35
339 35
246 36
295 36
331 36
152 36
292 37
155 37
306 37
145 37
153 38
125 38
377 38
366 38
252 39
378 39
237 39
240 40
384 40
375 40
371 40
250 41
385 41
364 41
18 42
238 42
121 43
363 43
365 43
372 44
373 44
370 44
374 44
233 45
369 46
367 46
368 46
234 47
