1 2
1 4
1 5
1 9
1 11
1 13
1 14
1 19
1 21
1 24
1 25
1 26
1 30
1 33
1 39
1 46
1 47
1 48
1 49
1 51
1 55
1 60
1 62
1 63
1 66
1 71
1 75
1 77
1 79
1 82
1 85
1 87
1 88
1 90
1 91
1 93
1 96
1 98
1 102
1 104
1 105
1 106
1 109
1 110
1 111
1 113
1 121
1 127
1 129
2 1
2 10
2 12
2 17
2 22
2 27
2 28
2 29
2 31
2 34
2 35
2 41
2 44
2 50
2 65
2 67
2 73
2 76
2 84
2 92
2 97
2 103
2 107
2 117
2 119
2 120
2 122
2 124
2 126
2 128
2 130
2 136
2 137
3 18
3 54
3 56
3 61
3 101
3 112
3 115
3 125
3 133
4 3
4 6
4 7
4 16
4 23
4 42
4 59
4 68
4 80
4 89
4 95
4 134
5 8
5 15
5 52
5 70
5 100
5 114
5 131
5 138
6 32
6 37
6 45
6 69
6 83
6 94
6 99
6 108
6 132
7 72
7 118
7 135
8 36
8 40
8 53
8 57
8 58
8 86
9 64
9 78
9 116
10 20
10 81
10 123
11 38
11 43
11 74
